19 107
1 4
1 5
1 6
1 8
1 9
1 10
1 14
1 15
1 16
1 17
1 18
1 19
2 3
2 4
2 6
2 7
2 9
2 10
2 11
2 12
2 13
2 15
2 19
3 4
3 5
3 7
3 9
3 10
3 11
3 12
3 13
3 16
3 18
3 19
4 6
4 9
4 10
4 11
4 12
4 13
4 15
4 16
4 18
4 19
5 7
5 8
5 9
5 10
5 12
5 14
5 16
5 17
5 18
5 19
6 7
6 8
6 11
6 13
6 14
6 15
6 17
7 8
7 11
7 12
7 13
7 14
7 15
7 17
8 14
8 15
8 16
8 17
8 18
9 10
9 11
9 12
9 13
9 16
9 18
9 19
10 11
10 12
10 13
10 16
10 18
10 19
11 12
11 13
11 15
11 19
12 13
12 16
12 18
12 19
13 15
13 19
14 15
14 16
14 17
14 18
15 17
16 17
16 18
16 19
17 18
18 19
