Triang 1
0: 1 3 4 6 7 8 13 18
1: 0 6
2: 6 12 16
3: 0 4 7 8 9 10 15 18
4: 0 3 6 9 13 18
5: 6 16 17
6: 0 1 2 4 5 12 13 16
7: 0 3 9 10 15 18
8: 0 3 10 18
9: 3 4 7 10
10: 3 7 8 9 12 14 15 16 17 18
11: 12
12: 2 6 10 11 16
13: 0 4 6
14: 10
15: 3 7 10 18
16: 2 5 6 10 12 17
17: 5 10 16
18: 0 3 4 7 8 10 15


Triang 2
0: 1 3 9 13 15
1: 0 3 4 7 8 9 13 15 18
2: 5 10 11 13 14 16 17
3: 0 1
4: 1 7 8 15
5: 2 10 11 12 13 14 16
6: 11 14 17
7: 1 4 8
8: 1 4 7 9 15
9: 0 1 8 15 18
10: 2 5 11
11: 2 5 6 10 13 14 16 17
12: 5 13 14 17
13: 0 1 2 5 11 12 14 16 17
14: 2 5 6 11 12 13 16 17
15: 0 1 4 8 9
16: 2 5 11 13 14 17
17: 2 6 11 12 13 14 16
18: 1 9