Triang 1
0: 7 14 16 17
1: 3 5 6 11 12 14
2: 3 4 8 9 12 15 17 18
3: 1 2 12 14 15 18
4: 2 8 9 15 17
5: 1 6 7 12 14 16
6: 1 5 12
7: 0 5 13 14 15 17
8: 2 4 17
9: 2 4 10 11 12 15
10: 9 11 12
11: 1 9 10 12 15
12: 1 2 3 5 6 9 10 11 14
13: 7 15 17
14: 0 1 3 5 7 12 16
15: 2 3 4 7 9 11 13 16 17 18
16: 0 5 14 15 17
17: 0 2 4 7 8 13 15 16
18: 2 3 15


Triang 2
0: 3 4 5 8 9 13 15 18
1: 2 8 9 10 18
2: 1 6 8 10 11
3: 0 5 8 9 10 11 17
4: 0 6 7 11 13 16 18
5: 0 3 10 13 14
6: 2 4 7 10 11 13 14 16
7: 4 6 16
8: 0 1 2 3 9 10 11 12 15 18
9: 0 1 3 8 15 17 18
10: 1 2 3 5 6 8 12 14 18
11: 2 3 4 6 8 17 18
12: 8 10 18
13: 0 4 5 6 14 16
14: 5 6 10 13
15: 0 8 9
16: 4 6 7 13
17: 3 9 11 18
18: 0 1 4 8 9 10 11 12 17