Triang 1
0: 2 7 9 11
1: 3 5 8 11 13 14 16 18
2: 0 6 7 9 11 12 15
3: 1 8 10 13 14 16
4: 7 9 17
5: 1 16 18
6: 2 9 12
7: 0 2 4 9 12 17
8: 1 3 10 13 14 18
9: 0 2 4 6 7 11 12 15 17
10: 3 8 16 18
11: 0 1 2 9 13 14 15 18
12: 2 6 7 9 17
13: 1 3 8 11 14 18
14: 1 3 8 11 13
15: 2 9 11
16: 1 3 5 10 18
17: 4 7 9 12
18: 1 5 8 10 11 13 16


Triang 2
0: 4 6 12 15 17
1: 10 14
2: 4 15 17
3: 5 11 14 16 18
4: 0 2 6 10 12 15 17
5: 3 8 10 11 13 14 16 18
6: 0 4 7 10 15 17
7: 6 9 10 15
8: 5 11 16
9: 7 12 15
10: 1 4 5 6 7 12 13 14 17
11: 3 5 8 16
12: 0 4 9 10 15
13: 5 10 16
14: 1 3 5 10 16 18
15: 0 2 4 6 7 9 12 17
16: 3 5 8 11 13 14
17: 0 2 4 6 10 15
18: 3 5 14