Triang 1
0: 2 3 7 8 14 15 17
1: 6 10 13 16
2: 0 3 7 8 12 14 18
3: 0 2 7 8 11 14 17
4: 6 9 10
5: 6 9 10 11 13 16
6: 1 4 5 9 10 11 16
7: 0 2 3 8 14 15 17
8: 0 2 3 7 12 15 17 18
9: 4 5 6 10
10: 1 4 5 6 9 13
11: 3 5 6
12: 2 8 18
13: 1 5 10 16
14: 0 2 3 7 15 17 18
15: 0 7 8 14 18
16: 1 5 6 13
17: 0 3 7 8 14
18: 2 8 12 14 15


Triang 2
0: 3 10 11 12
1: 4 5 9 11 18
2: 15 17 18
3: 0 10 12 15
4: 1 5 11 13 16 18
5: 1 4 18
6: 11 13 18
7: 8 12 14 17 18
8: 7 12 14
9: 1 11 13 16 18
10: 0 3 11 13 16
11: 0 1 4 6 9 10 13 16
12: 0 3 7 8 14 15 17
13: 4 6 9 10 11 16 18
14: 7 8 12
15: 2 3 12 17
16: 4 9 10 11 13 18
17: 2 7 12 15 18
18: 1 2 4 5 6 7 9 13 16 17