Triang 1
0: 3 6 16
1: 2 9 10 11 13 14 15 18
2: 1 3 4 13 14
3: 0 2 4 5 6 7 14 16 17
4: 2 3 5 6 7 8 16 17
5: 3 4 7 17
6: 0 3 4 7 8 16 17
7: 3 4 5 6 8 17
8: 4 6 7 15 17
9: 1 12 15 18
10: 1 11 12 18
11: 1 10 12 14 15 17
12: 9 10 11 15 18
13: 1 2 15
14: 1 2 3 11 17
15: 1 8 9 11 12 13 17
16: 0 3 4 6
17: 3 4 5 6 7 8 11 14 15
18: 1 9 10 12


Triang 2
0: 2 4 5 7 8 14 17
1: 12 16
2: 0 5 6 9 10 11 15 17 18
3: 8 16
4: 0 14
5: 0 2 6 8 14 16
6: 2 5 14
7: 0 8 12 14 16
8: 0 3 5 7 10 12 13 16 18
9: 2 10 11 13 14 17
10: 2 8 9 13 15 17 18
11: 2 9 13 18
12: 1 7 8 13 16
13: 8 9 10 11 12 16 18
14: 0 4 5 6 7 9 16
15: 2 10 18
16: 1 3 5 7 8 12 13 14 18
17: 0 2 9 10
18: 2 8 10 11 13 15 16