Triang 1
0: 8 9 13 19
1: 8 18 19
2: 3 4 6 14 15 16 20
3: 2 4 5 7 14 15 16 20
4: 2 3 7 11 14 16 20
5: 3 14 16
6: 2 15 16
7: 3 4 16
8: 0 1 9 10 14 15 18 19
9: 0 8 10 13
10: 8 9 13 15 17 19
11: 4 14 16 17 18
12: 14 15 16 20
13: 0 9 10 19
14: 2 3 4 5 8 11 12 15 16 18
15: 2 3 6 8 10 12 14 16 17 20
16: 2 3 4 5 6 7 11 12 14 15 17 20
17: 10 11 15 16 18 19
18: 1 8 11 14 17 19
19: 0 1 8 10 13 17 18
20: 2 3 4 12 15 16


Triang 2
0: 1 7 10 15 17 18
1: 0 7 9 10 13 15 17
2: 5 11 12
3: 6 11 12 13
4: 5 6 12
5: 2 4 6 11 12 14 20
6: 3 4 5 11 12 13 14 15 20
7: 0 1 8 9 10 13 15 17 18 19
8: 7 13 16 17
9: 1 7 15 17 18 19
10: 0 1 7 18
11: 2 3 5 6 12 13 15 18 20
12: 2 3 4 5 6 11
13: 1 3 6 7 8 11 15 16 17 18
14: 5 6 20
15: 0 1 6 7 9 11 13 18 19
16: 8 13 17
17: 0 1 7 8 9 13 16 18
18: 0 7 9 10 11 13 15 17
19: 7 9 15
20: 5 6 11 14