Triang 1
0: 1 3 6 10 11 12
1: 0 6 8 9 10 11 12
2: 6 10 11
3: 0 6 8 9 11 18
4: 5 13 14
5: 4 13 14 18 20
6: 0 1 2 3 9 10 11
7: 13 14 16 19 20
8: 1 3 10 11 14 17 18 20
9: 1 3 6 10 11 12 15 18
10: 0 1 2 6 8 9 11 18 20
11: 0 1 2 3 6 8 9 10 12 15
12: 0 1 9 11 15
13: 4 5 7 14 16 20
14: 4 5 7 8 13 16 17 18 19 20
15: 9 11 12
16: 7 13 14
17: 8 14 20
18: 3 5 8 9 10 14 20
19: 7 14 20
20: 5 7 8 10 13 14 17 18 19


Triang 2
0: 2 8 9 15
1: 2 3 15
2: 0 1 3 8 9 12 14 15
3: 1 2 10 12 14 15
4: 5 7 11 13 16 17 18 19 20
5: 4 7 16 17 18 19
6: 7 8 11 12 15 18 19
7: 4 5 6 10 11 12 15 17 18
8: 0 2 6 9 12 15
9: 0 2 8
10: 3 7 12 15
11: 4 6 7 15 19
12: 2 3 6 7 8 10 14
13: 4 17 18 19
14: 2 3 12
15: 0 1 2 3 6 7 8 10 11
16: 4 5 17 18 19 20
17: 4 5 7 13 16 18 19 20
18: 4 5 6 7 13 16 17 19
19: 4 5 6 11 13 16 17 18
20: 4 16 17