21 121
1 2
1 3
1 4
1 7
1 9
1 10
1 11
1 12
1 13
1 16
2 3
2 4
2 7
2 9
2 10
2 11
2 12
2 13
2 16
3 4
3 7
3 9
3 10
3 11
3 12
3 13
3 15
3 16
4 7
4 9
4 10
4 11
4 12
4 13
4 15
4 16
4 19
5 6
5 8
5 12
5 14
5 15
5 17
5 18
5 19
5 20
5 21
6 8
6 14
6 15
6 17
6 18
6 19
6 20
6 21
7 8
7 9
7 10
7 11
7 12
7 13
7 16
7 19
7 20
8 11
8 12
8 13
8 14
8 15
8 16
8 17
8 18
8 19
8 20
8 21
9 10
9 11
9 12
9 13
9 15
9 16
9 18
9 19
9 21
10 11
10 12
10 13
10 16
10 19
11 12
11 13
11 16
11 19
11 21
12 13
12 16
12 20
13 15
13 16
14 15
14 17
14 18
14 19
14 20
14 21
15 17
15 18
15 19
15 20
15 21
17 18
17 19
17 20
17 21
18 19
18 20
18 21
19 20
19 21
20 21
