Triang 1
0: 5 6 8 9 12 15
1: 2 4 6 7 11 13 14 16
2: 1 3 9 10 11 14
3: 2 8 9 10
4: 1 6 9 14
5: 0 7 8 10 11 12
6: 0 1 4 7 9 12
7: 1 5 6 11 12 13 16
8: 0 3 5 9 10 15
9: 0 2 3 4 6 8 14 15
10: 2 3 5 8 11
11: 1 2 5 7 10 13
12: 0 5 6 7
13: 1 7 11 16
14: 1 2 4 9
15: 0 8 9
16: 1 7 13


Triang 2
0: 3 4 7 14
1: 9 10 12 16
2: 4 5 8 13 15 16
3: 0 4 5 6 14 15
4: 0 2 3 7 15
5: 2 3 13 15 16
6: 3 14 15
7: 0 4 14 15
8: 2 11 12 13 16
9: 1 10
10: 1 9 12 13 16
11: 8 12 16
12: 1 8 10 11 13 16
13: 2 5 8 10 12 16
14: 0 3 6 7 15
15: 2 3 4 5 6 7 14
16: 1 2 5 8 10 11 12 13