Triang 1
0: 7 10 12 13 15
1: 6 8 9 16
2: 5 13 16
3: 7 16
4: 10 15
5: 2 8 9 10 11 13 16
6: 1 9 12 16
7: 0 3 12 13 16
8: 1 5 9 11 16
9: 1 5 6 8 10 12 14 15
10: 0 4 5 9 13 14 15
11: 5 8 16
12: 0 6 7 9 15 16
13: 0 2 5 7 10 16
14: 9 10
15: 0 4 9 10 12
16: 1 2 3 5 6 7 8 11 12 13


Triang 2
0: 3 4 6 9
1: 2 3 4 5 7 11 12 14 15
2: 1 5 7 8 10 11 14 16
3: 0 1 4 6 9 12 15
4: 0 1 3 6 7 9 12
5: 1 2 14 16
6: 0 3 4 7 15
7: 1 2 4 6 11 15
8: 2 10 13 14
9: 0 3 4
10: 2 8 11 13
11: 1 2 7 10 13 14
12: 1 3 4
13: 8 10 11 14
14: 1 2 5 8 11 13 16
15: 1 3 6 7
16: 2 5 14