Triang 1
0: 5 6 8
1: 3 5 15 16
2: 3 7 11 12 14
3: 1 2 7 10 12 15 16
4: 5 8 9 10 12 13 16
5: 0 1 4 6 8 15 16
6: 0 5 8 15
7: 2 3 14 15
8: 0 4 5 6 11 13 14 15
9: 4 12 13
10: 3 4 12 16
11: 2 8 12 13 14
12: 2 3 4 9 10 11 13
13: 4 8 9 11 12
14: 2 7 8 11 15
15: 1 3 5 6 7 8 14
16: 1 3 4 5 10


Triang 2
0: 1 2 3 7 14 15 16
1: 0 2 7 8 12 14
2: 0 1 9 10 13 15
3: 0 5 7 14
4: 6 9 11
5: 3 7 14
6: 4 9 10 11 13 16
7: 0 1 3 5 8 12 16
8: 1 7 9 16
9: 2 4 6 8 10 11 16
10: 2 6 9 11 13
11: 4 6 9 10
12: 1 7 14
13: 2 6 10 16
14: 0 1 3 5 12
15: 0 2 16
16: 0 6 7 8 9 13 15