Triang 1
0: 4 13 15
1: 3 7 16
2: 5 7 8 16
3: 1 7 10 16
4: 0 8 12 13 14 15
5: 2 6 7 9 16
6: 5 7 9 10 16
7: 1 2 3 5 6 10 16
8: 2 4 11 12 14 15 16
9: 5 6 16
10: 3 6 7 16
11: 8 13 14 15
12: 4 8 15
13: 0 4 11 14 15
14: 4 8 11 13
15: 0 4 8 11 12 13
16: 1 2 3 5 6 7 8 9 10


Triang 2
0: 5 7 9 10 11 12 14
1: 2 4 5 6 8 10 11 12 13
2: 1 3 6 9 10 16
3: 2 6 8 9 12 13 14 15
4: 1 5 11
5: 0 1 4 10 11
6: 1 2 3 8
7: 0 9
8: 1 3 6 13
9: 0 2 3 7 10 14 15 16
10: 0 1 2 5 9 16
11: 0 1 4 5 12
12: 0 1 3 11 13 14
13: 1 3 8 12
14: 0 3 9 12 15
15: 3 9 14
16: 2 9 10