Triang 1
0: 7 8 10 11 12 13 15
1: 6 9 13
2: 11 14 16
3: 4 6 13 15
4: 3 6 13
5: 12 14 16
6: 1 3 4 9 13 15
7: 0 8 9 11 13 15 16
8: 0 7 12 16
9: 1 6 7 13 15
10: 0 13 15
11: 0 2 7 12 14 16
12: 0 5 8 11 14 16
13: 0 1 3 4 6 7 9 10 15
14: 2 5 11 12 16
15: 0 3 6 7 9 10 13
16: 2 5 7 8 11 12 14


Triang 2
0: 1 2 5 6 10 13 16
1: 0 2 4 7 10 12 13 15 16
2: 0 1 5 7 8 12
3: 5 8 9 10 11 14
4: 1 7 9 10 14 15
5: 0 2 3 6 8 10 11
6: 0 5 10
7: 1 2 4 8 12 14 15
8: 2 3 5 7 11 14
9: 3 4 10 14
10: 0 1 3 4 5 6 9 13
11: 3 5 8
12: 1 2 7
13: 0 1 10
14: 3 4 7 8 9
15: 1 4 7
16: 0 1