Triang 1
0: 4 6 7 13 14
1: 5 10 11 12
2: 3 7 10 13 15
3: 2 6 7 9 13
4: 0 6 14 16
5: 1 10 12 15
6: 0 3 4 7 9 14 16
7: 0 2 3 6 10 11 13 15
8: 11 12 15
9: 3 6 13 14
10: 1 2 5 7 11 15
11: 1 7 8 10 12 15
12: 1 5 8 11 15
13: 0 2 3 7 9 14
14: 0 4 6 9 13 16
15: 2 5 7 8 10 11 12
16: 4 6 14


Triang 2
0: 2 3 9 14 16
1: 4 6 7 8 15 16
2: 0 5 8 9 11 12 14
3: 0 4 13 14 16
4: 1 3 6 8 10 12 13 14 15
5: 2 7 8 9 11
6: 1 4 13 16
7: 1 5 8 9 16
8: 1 2 4 5 7 10 12
9: 0 2 5 7 11 16
10: 4 8 12
11: 2 5 9
12: 2 4 8 10 14
13: 3 4 6 16
14: 0 2 3 4 12
15: 1 4
16: 0 1 3 6 7 9 13