Triang 1
0: 1 3 4 9 10 13 14 16
1: 0 3 10
2: 5 6 8 11 12 14 15
3: 0 1 9 10 16
4: 0 9 14
5: 2 6 8 11 15
6: 2 5 8 13 14 15
7: 9 10 14
8: 2 5 6
9: 0 3 4 7 10 14 16
10: 0 1 3 7 9 13 14
11: 2 5 15
12: 2 13 14 15
13: 0 6 10 12 14 15
14: 0 2 4 6 7 9 10 12 13
15: 2 5 6 11 12 13
16: 0 3 9


Triang 2
0: 3 4 7
1: 4 5 6 9 10 11 12 16
2: 7 13
3: 0 4 7 11 14
4: 0 1 3 7 9 10 11 16
5: 1 8 12 13 16
6: 1 11 12
7: 0 2 3 4 8 13 14 15 16
8: 5 7 11 12 13 14 15
9: 1 4 11
10: 1 4 16
11: 1 3 4 6 8 9 12 14
12: 1 5 6 8 11
13: 2 5 7 8 16
14: 3 7 8 11 15
15: 7 8 14
16: 1 4 5 7 10 13