Triang 1
0: 1 7 10 11
1: 0 3 7 11 12 15
2: 3 4 5 6 8 13 14 15
3: 1 2 12 13 15
4: 2 6 14
5: 2 6 8 13 16
6: 2 4 5 8 14 16
7: 0 1 10 12
8: 2 5 6
9: 10 11 12
10: 0 7 9 11 12
11: 0 1 9 10 12 15
12: 1 3 7 9 10 11 13 15
13: 2 3 5 12 14 16
14: 2 4 6 13 15 16
15: 1 2 3 11 12 14
16: 5 6 13 14


Triang 2
0: 4 5 8 12 14 15 16
1: 5 8 10 14
2: 9 15 16
3: 6 7 8 9 10 11
4: 0 5 9 10 12 13 16
5: 0 1 4 10 14
6: 3 9 10 13
7: 3 8 9 11 15
8: 0 1 3 7 10 11 14 15
9: 2 3 4 6 7 13 15 16
10: 1 3 4 5 6 8 13
11: 3 7 8
12: 0 4 16
13: 4 6 9 10
14: 0 1 5 8
15: 0 2 7 8 9 16
16: 0 2 4 9 12 15