Triang 1
0: 2 9 14
1: 3 4 6 14 15
2: 0 4 5 6 8 9 11
3: 1 4 8 15
4: 1 2 3 8 14
5: 2 6 11 12 13 14
6: 1 2 5 8 14 15
7: 9 10 11 13 16
8: 2 3 4 6 15
9: 0 2 7 11 13 14 16
10: 7 11 16
11: 2 5 7 9 10 13 16
12: 5
13: 5 7 9 11 14
14: 0 1 4 5 6 9 13
15: 1 3 6 8
16: 7 9 10 11


Triang 2
0: 5 7 10 11 13 16
1: 2 5 8 12
2: 1 5 7 12 14 15
3: 4 6 10 12 13 16
4: 3 6 12 15 16
5: 0 1 2 7 8 9 10
6: 3 4 12
7: 0 2 5 11 14
8: 1 5 10 12
9: 5 10
10: 0 3 5 8 9 12 13
11: 0 7 14 16
12: 1 2 3 4 6 8 10 15
13: 0 3 10 16
14: 2 7 11 15 16
15: 2 4 12 14 16
16: 0 3 4 11 13 14 15