Triang 1
0: 1 7 10
1: 0 2 3 4 7 10 14
2: 1 9 12 14
3: 1 4 6 10
4: 1 3 6 11 12 13 14 15
5: 8 9 11 13 16
6: 3 4 10 14
7: 0 1 10 14
8: 5 9 13
9: 2 5 8 11 12 13 15
10: 0 1 3 6 7 14
11: 4 5 9 13 15 16
12: 2 4 9 13
13: 4 5 8 9 11 12 16
14: 1 2 4 6 7 10 15
15: 4 9 11 14
16: 5 11 13


Triang 2
0: 1 2 3 5 6 14 15
1: 0 6 15
2: 0 5 6 7 10 16
3: 0 5 8 11 12 13 14 15
4: 7 8 9 15 16
5: 0 2 3 10 12
6: 0 1 2 7 15
7: 2 4 6 9 15 16
8: 3 4 11 12 15 16
9: 4 7 16
10: 2 5 12 16
11: 3 8 12
12: 3 5 8 10 11 16
13: 3 15
14: 0 3
15: 0 1 3 4 6 7 8 13
16: 2 4 7 8 9 10 12