Triang 1
0: 1 3 8 10 11 13 15
1: 0 2 3 11 15
2: 1 3 11 12 13 16
3: 0 1 2 12 13 15
4: 5 6 7 8 9
5: 4 7 8 11 14
6: 4 7 9
7: 4 5 6 8 9 10 11
8: 0 4 5 7 9 10 14
9: 4 6 7 8
10: 0 7 8 11
11: 0 1 2 5 7 10 13
12: 2 3 13 16
13: 0 2 3 11 12 14 16
14: 5 8 13
15: 0 1 3
16: 2 12 13


Triang 2
0: 2 5 6 7 9 16
1: 12 13 14 16
2: 0 6 7 15
3: 9 14 16
4: 6 8 10 11 12 14
5: 0 6 9 10
6: 0 2 4 5 8 10 11 15
7: 0 2 15
8: 4 6 11
9: 0 3 5 10 14 16
10: 4 5 6 9 14
11: 4 6 8 12 15
12: 1 4 11 13 14 15
13: 1 12 15 16
14: 1 3 4 9 10 12 16
15: 2 6 7 11 12 13 16
16: 0 1 3 9 13 14 15