Triang 1
0: 2 3 6 15
1: 10 12 13 14 15
2: 0 3 4 15
3: 0 2 4 5 6 8 11 16
4: 2 3 5 11 13 15
5: 3 4 11
6: 0 3 14 15 16
7: 9 14 16
8: 3 9 11 16
9: 7 8 10 11 13 14 16
10: 1 9 12 13 14
11: 3 4 5 8 9 13
12: 1 10 13
13: 1 4 9 10 11 12 15
14: 1 6 7 9 10 15 16
15: 0 1 2 4 6 13 14
16: 3 6 7 8 9 14


Triang 2
0: 1 4 7 12 13 14
1: 0 2 4 6 7
2: 1 5 6 7 11 16
3: 9 12 15
4: 0 1 6 12
5: 2 6 8 9 10 12 15 16
6: 1 2 4 5 12
7: 0 1 2 8 10 11 13
8: 5 7 9 10 12 13 14
9: 3 5 8 12
10: 5 7 8 11 16
11: 2 7 10 16
12: 0 3 4 5 6 8 9 14 15
13: 0 7 8 14
14: 0 8 12 13
15: 3 5 12
16: 2 5 10 11