Triang 1
0: 7 8 16
1: 3 4 5 12 13
2: 7 9 10 11 14 15 16
3: 1 12 13 15
4: 1 5 13
5: 1 4 10 11 12 13 15
6: 7 8 9 14 16
7: 0 2 6 9 11 16
8: 0 6 16
9: 2 6 7 11 14 15
10: 2 5 11 12 15
11: 2 5 7 9 10 15
12: 1 3 5 10 15
13: 1 3 4 5 15
14: 2 6 9 16
15: 2 3 5 9 10 11 12 13
16: 0 2 6 7 8 14


Triang 2
0: 2 4 6 9 10 11 14
1: 3 5 8 10 11 15
2: 0 6 11
3: 1 4 5 6 8 11
4: 0 3 6 8 12 16
5: 1 3 8
6: 0 2 3 4 11
7: 10 14 15
8: 1 3 4 5 12 13
9: 0 10 16
10: 0 1 7 9 13 14 16
11: 0 1 2 3 6 14 15
12: 4 8 13 16
13: 8 10 12 16
14: 0 7 10 11 15
15: 1 7 11 14
16: 4 9 10 12 13