21 117
1 2
1 4
1 5
1 7
1 8
1 12
1 14
1 15
1 16
1 18
1 20
1 21
2 3
2 6
2 7
2 9
2 10
2 11
2 12
2 13
2 14
2 17
2 19
2 20
2 21
3 6
3 9
3 10
3 11
3 13
3 17
3 19
3 21
4 5
4 7
4 8
4 12
4 14
4 15
4 16
4 18
4 20
5 7
5 8
5 12
5 14
5 15
5 16
5 18
5 20
5 21
6 9
6 10
6 11
6 13
6 17
6 19
6 21
7 8
7 12
7 13
7 14
7 15
7 16
7 18
7 20
8 12
8 14
8 15
8 16
8 18
8 20
8 21
9 10
9 11
9 13
9 17
9 19
9 21
10 11
10 13
10 17
10 19
10 21
11 12
11 13
11 16
11 17
11 19
11 21
12 14
12 15
12 16
12 18
12 19
12 20
13 16
13 17
13 19
13 21
14 15
14 16
14 18
14 20
15 16
15 18
15 20
15 21
16 18
16 20
16 21
17 19
17 21
18 20
19 20
19 21
