Triang 1
0: 4 6 11 14 17 19 20
1: 9 10 11 13 18 19
2: 9 10 12 16 18
3: 4 6 14 15
4: 0 3 6 7 11 15 19 20
5: 8 9 10
6: 0 3 4 7 11 14 17 19
7: 4 6 11 13 14 19 20
8: 5 9 10 16
9: 1 2 5 8 10 12 16 18
10: 1 2 5 8 9 11 16 18
11: 0 1 4 6 7 10 13 14 15 18 19
12: 2 9 18
13: 1 7 11 19
14: 0 3 6 7 11 15 20
15: 3 4 11 14 19
16: 2 8 9 10
17: 0 6 19
18: 1 2 9 10 11 12 19
19: 0 1 4 6 7 11 13 15 17 18
20: 0 4 7 14


Triang 2
0: 1 3 7 13 15 20
1: 0 2 5 6 8 12 13 16 18 20
2: 1 5 8 9 20
3: 0 7 11 13 17 19
4: 13 14 17
5: 1 2 9 12 16 18 20
6: 1 12 13 15
7: 0 3 15 17
8: 1 2 12 18 20
9: 2 5 16 20
10: 12 15 20
11: 3 14 17 19
12: 1 5 6 8 10 15 16 18 20
13: 0 1 3 4 6 14 15 17 19
14: 4 11 13 17 19
15: 0 6 7 10 12 13 17 20
16: 1 5 9 12 18 20
17: 3 4 7 11 13 14 15
18: 1 5 8 12 16 20
19: 3 11 13 14
20: 0 1 2 5 8 9 10 12 15 16 18